0.099154
0.13050966666667
0.02033633333333
0.00311266666667
0.010617
0.01245
0.00715366666667
0.00833333333333
0.01
0.01079166666667
0.010222
0.010509
0.010251
0.010155
0.010815
0.010407
0.010759
0.010462
0.013864
0.01060606060606
0.01060606060606
0.01060606060606
0.01111111111111
0.01111111111111
0.01111111111111
0.01111111111111
0.01111111111111
0.01111111111111
0.01111111111111
0.01111111111111
0.01111111111111
0.01111111111111
0.01111111111111
0.01060606060606
0.01060606060606
0.01060606060606
0.01060606060606
0.01029968686869
0.01060606060606
0.01060606060606
0.01060606060606
0.01060606060606
0.01060606060606
0.01060606060606
0.01060606060606
0.01060606060606
0.01060606060606
0.01060606060606
0.01060606060606
0.01060606060606
0.01060606060606
0.01060606060606
0.01060606060606
0.01060606060606
0.01060606060606
0.01060606060606
0.01060606060606
0.01060606060606
0.01060606060606
0.01060606060606
0.01060606060606
0.01060606060606
0.01060606060606
0.01060606060606
0.01060606060606
0.01060606060606
0.01060606060606
0.01060606060606
0.01060606060606
0.01060606060606
0.01060606060606
0.01030833333333
0.010065
0.009827
0.010022
0.010031
0.010472
0.01060606060606
0.00950693939394
0.010282
0.010006
0.01041666666667
0.01013633333333
0.01
0.10108466666667
0.017236
0.01666666666667
0.01666666666667
0.020103
0.015525
0.015012
0.01549
0.015894
0.016035
0.016018
0.015861
0.016197
0.01527777777778
0.01421722222222
0.01527777777778
0.01527777777778
0.01527777777778
0.01527777777778
0.01325888888889
0.01527777777778
0.01650388888889
0.01666666666667
0.01666666666667
0.01666666666667
0.01527777777778
0.01666666666667
0.01527777777778
0.01527777777778
0.015462
0.01666666666667
0.01666666666667
0.01666666666667
0.016466
0.01541
0.015648
0.015921
0.016014
0.016003
0.015488
0.015582
0.015962
0.01551
0.015648
0.00922133333333
0.009394
0.010608
0.010381
0.010732
0.010323
0.01013
0.01
0.01
0.01
0.01
0.01
0.01
0.01
0.01
0.01
0.01
0.01
0.01
0.01
0.01
0.01
0.01041666666667
0.01041666666667
0.01041666666667
0.01041666666667
0.01
0.01041666666667
0.01041666666667
0.01031766666667
0.01041666666667
0.01041666666667
0.01041666666667
0.01041666666667
0.01041666666667
0.01041666666667
0.01041666666667
0.01041666666667
0.01041666666667
0.01041666666667
0.01041666666667
0.01041666666667
0.01041666666667
0.01041666666667
0.01041666666667
0.01041666666667
0.01041666666667
0.01041666666667
0.01041666666667
0.01041666666667
0.01041666666667
0.01041666666667
0.01041666666667
0.01041666666667
0.01041666666667
0.01041666666667
0.01041666666667
0.01041666666667
0.01041666666667
0.01041666666667
0.01041666666667
0.01041666666667
0.01041666666667
0.01041666666667
0.01041666666667
0.01041666666667
0.01041666666667
0.01041666666667
0.01041666666667
0.01041666666667
0.01041666666667
0.01041666666667
0.01041666666667
0.01041666666667
0.01041666666667
0.01041666666667
0.01041666666667
0.01041666666667
0.01041666666667
0.01041666666667
0.01041666666667
0.01041666666667
0.01041666666667
0.01041666666667
0.01041666666667
0.01041666666667
0.01041666666667
0.01041666666667
0.01041666666667
0.01041666666667
0.01041666666667
0.01041666666667
0.01041666666667
0.01041666666667
0.01041666666667
0.01041666666667
0.01041666666667
0.01041666666667
0.01041666666667
0.01041666666667
0.01041666666667
0.01041666666667
0.01041666666667
0.01041666666667
0.01041666666667
0.01041666666667
0.01041666666667
0.01041666666667
0.01041666666667
0.01041666666667
0.01041666666667
0.01041666666667
0.01041666666667
0.01041666666667
0.01041666666667
0.01041666666667
0.01041666666667
0.01041666666667
0.01041666666667
0.01041666666667
0.01041666666667
0.01041666666667
0.01041666666667
0.01041666666667
0.01041666666667
0.01041666666667
0.01041666666667
0.01041666666667
0.01041666666667
0.01041666666667
0.01041666666667
0.01041666666667
0.01041666666667
0.01041666666667
0.01041666666667
0.01041666666667
0.01041666666667
0.01041666666667
0.01041666666667
0.01041666666667
0.01041666666667
0.01041666666667
0.01041666666667
0.01041666666667
0.01041666666667
0.01041666666667
0.01041666666667
0.01041666666667
0.01041666666667
0.01041666666667
0.01041666666667
0.01041666666667
0.01041666666667
0.01041666666667
0.01041666666667
0.01041666666667
0.01041666666667
0.01041666666667
0.01041666666667
0.01041666666667
0.01041666666667
0.01041666666667
0.01041666666667
0.01041666666667
0.01041666666667
0.01041666666667
0.01041666666667
0.01041666666667
0.01041666666667
0.01041666666667
0.01041666666667
0.01041666666667
0.01041666666667
0.01041666666667
0.01041666666667
0.01041666666667
0.01041666666667
0.01041666666667
0.01
0.01
0.01
0.01
0.01
0.01
0.00923266666667
0.008746
0.01001866666667
0.01
0.01
0.01
0.01
0.01
0.00985233333333
0.008853
0.008869
0.008741
0.008783
0.00882
0.00925925925926
0.00925925925926
0.00874248148148
0.008201
0.008089
0.007906
0.008126
0.008277
0.007438
0.007789
0.007544
0.007535
0.008019
0.008156
0.007399
0.007563
0.007497
0.007419
0.007384
0.007523
0.007549
0.007148
0.00757575757576
0.00757575757576
0.00757575757576
0.00757575757576
0.00757575757576
0.00757575757576
0.00757575757576
0.00820136363636
0.00833333333333
0.00833333333333
0.00833333333333
0.00833333333333
0.00833333333333
0.00833333333333
0.00833333333333
0.00833333333333
0.00833333333333
0.00833333333333
0.00833333333333
0.00833333333333
0.00833333333333
0.00833333333333
0.00833333333333
0.00833333333333
0.00838433333333
0.00899
0.009469
0.009162
0.00909090909091
0.00909090909091
0.00909090909091
0.00909090909091
0.00909090909091
0.00909090909091
0.00909090909091
0.00837696969697
0.00833333333333
0.00833333333333
0.00833333333333
0.00833333333333
0.00833333333333
0.00833333333333
0.00833333333333
0.00833333333333
0.00779866666667
0.007343
0.007272
0.007273
0.008283
0.008088
0.00799
0.00833333333333
0.00833333333333
0.00802933333333
0.008031
0.007579
0.00757575757576
0.00757575757576
0.00757575757576
0.00744972727273
0.00729
0.007193
0.007111
0.00757575757576
0.00757575757576
0.00839881818182
0.00757575757576
0.00757575757576
0.00757575757576
0.00757575757576
0.00757575757576
0.00757575757576
0.00757575757576
0.00757575757576
0.00757575757576
0.00757575757576
0.00757575757576
0.00757575757576
0.00757575757576
0.00757575757576
0.00757575757576
0.00757575757576
0.00757575757576
0.00757575757576
0.00757575757576
0.00757575757576
0.00757575757576
0.00757575757576
0.00757575757576
0.00757575757576
0.00757575757576
0.00757575757576
0.00757575757576
0.00757575757576
0.00757575757576
0.00757575757576
0.00757575757576
0.00757575757576
0.00757575757576
0.00747066666667
0.007463
0.00757575757576
0.00732224242424
0.007499
0.00757575757576
0.00757575757576
0.00757575757576
0.00757575757576
0.00743996969697
0.007255
0.00727
0.00740740740741
0.00740740740741
0.00710018518519
0.007263
0.006952
0.00714285714286
0.00714285714286
0.00714285714286
0.00714285714286
0.00714285714286
0.00714285714286
0.00714285714286
0.00714285714286
0.00714285714286
0.00714285714286
0.00714285714286
0.00714285714286
0.00714285714286
0.00714285714286
0.00714285714286
0.00714285714286
0.00714285714286
0.00714285714286
0.00714285714286
0.00714285714286
0.00714285714286
0.00714285714286
0.00714285714286
0.00714285714286
0.00714285714286
0.00714285714286
0.00714285714286
0.00714285714286
0.00714285714286
0.00714285714286
0.00714285714286
0.00714285714286
0.00714285714286
0.00714285714286
0.00714285714286
0.00714285714286
0.00714285714286
0.00714285714286
0.00714285714286
0.00714285714286
0.00714285714286
0.00714285714286
0.00740740740741
0.00740740740741
0.00739585185185
0.007354
0.00740740740741
0.00740740740741
0.00740740740741
0.00978144444444
0.010743
0.010915
0.010589
0.010877
0.010572
0.010447
0.010268
0.010156
0.010185
0.010689
0.010784
0.010789
0.01041666666667
0.01084133333333
0.010983
0.010537
0.01060606060606
0.01060606060606
0.01060606060606
0.01060606060606
0.01041666666667
0.01041666666667
0.01041666666667
0.01041666666667
0.00957175757576
0.008162
0.01041666666667
0.00825833333333
0.007951
0.01
0.008494
0.008238
0.00925925925926
0.00909090909091
0.00850583164983
0.00833333333333
0.00833333333333
0.00833333333333
0.00833333333333
0.00833333333333
0.00833333333333
0.00833333333333
0.00833333333333
0.00833333333333
0.00833333333333
0.00833333333333
0.00833333333333
0.00833333333333
0.00833333333333
0.00833333333333
0.00833333333333
0.00833333333333
0.00833333333333
0.00833333333333
0.00833333333333
0.00833333333333
0.00833333333333
0.00833333333333
0.00833333333333
0.00833333333333
0.00833333333333
0.00833333333333
0.00833333333333
0.00833333333333
0.00833333333333
0.00833333333333
0.00833333333333
0.00833333333333
0.00833333333333
0.00828966666667
0.007758
0.00833333333333
0.00829466666667
0.00833333333333
0.00807366666667
0.00833333333333
0.00820466666667
0.007585
0.0075
0.00833333333333
0.00826566666667
0.00742
0.00833333333333
0.00833333333333
0.00833333333333
0.007893
0.0076
0.00833333333333
0.00820066666667
0.00833333333333
0.00829666666667
0.007749
0.0075
0.00757575757576
0.00757575757576
0.00757575757576
0.00757575757576
0.00757575757576
0.00757575757576
0.00757575757576
0.00757575757576
0.00757575757576
0.00757575757576
0.00757575757576
0.00757575757576
0.00757575757576
0.00757575757576
0.00757575757576
0.00757575757576
0.00757575757576
0.00757575757576
0.00757575757576
0.00757575757576
0.00757575757576
0.00757575757576
0.00757575757576
0.00757575757576
0.00833333333333
0.00833333333333
0.00833333333333
0.00833333333333
0.00833333333333
0.00833333333333
0.00771248484848
0.007633
0.007761
0.00757575757576
0.00757575757576
0.00757575757576
0.00757575757576
0.00757575757576
0.00757575757576
0.00766745454545
0.00833333333333
0.00801466666667
0.00757575757576
0.00762824242424
0.007665
0.00757575757576
0.00757575757576
0.00757575757576
0.00757575757576
0.00757575757576
0.00757575757576
0.00757575757576
0.00757575757576
0.00757575757576
0.00833333333333
0.00779884848485
0.00757575757576
0.00757575757576
0.00757575757576
0.00757575757576
0.00757575757576
0.00757575757576
0.00757575757576
0.00757575757576
0.00757575757576
0.00772018181818
0.00833333333333
0.00804866666667
0.007643
0.007682
0.007594
0.007678
0.007641
0.00759
0.007748
0.007636
0.007772
0.00779
0.00757575757576
0.00833333333333
0.00771790909091
0.007636
0.007838
0.00757575757576
0.00757575757576
0.00769248484848
0.007585
0.00757575757576
0.00757575757576
0.00757575757576
0.00757575757576
0.00757575757576
0.00833333333333
0.00774087878788
0.007683
0.007592
0.00757575757576
0.00757575757576
0.00757575757576
0.00776772727273
0.007716
0.007604
0.007592
0.007962
0.00816
0.007818
0.008092
0.007714
0.007747
0.007615
0.007824
0.00757575757576
0.00757575757576
0.00757575757576
0.00757575757576
0.00757575757576
0.00757575757576
0.00768745454545
0.00833333333333
0.00768966666667
0.007667
0.00781
0.007622
0.007606
0.007589
0.007595
0.007641
0.007612
0.00768
0.007752
0.007605
0.00833333333333
0.00769066666667
0.007587
0.008048
0.007615
0.00757575757576
0.00760924242424
0.00757575757576
0.00757575757576
0.00757575757576
0.00757575757576
0.00757575757576
0.00757575757576
0.00757575757576
0.0078016969697
0.007778
0.007689
0.007693
0.007657
0.007685
0.007582
0.007679
0.007774
0.00757575757576
0.00784824242424
0.007881
0.00832
0.007607
0.00757575757576
0.00757575757576
0.00757575757576
0.00757575757576
0.00759196969697
0.007889
0.007815
0.00757575757576
0.00757575757576
0.00766148484848
0.007663
0.00833333333333
0.00757575757576
0.00760790909091
0.007734
0.00757575757576
0.00766724242424
0.007617
0.00757575757576
0.00757575757576
0.00757575757576
0.00760672727273
0.007648
0.007731
0.00833333333333
0.00806066666667
0.007643
0.007599
0.007729
0.007916
0.00757575757576
0.00774224242424
0.007685
0.007683
0.007683
0.007627
0.007665
0.00833333333333
0.00821066666667
0.00757575757576
0.00757575757576
0.00757575757576
0.00757575757576
0.00757575757576
0.00757575757576
0.00779945454545
0.007585
0.007723
0.007676
0.007747
0.00833333333333
0.00784266666667
0.007696
0.00757575757576
0.00757575757576
0.00757575757576
0.00757575757576
0.00766996969697
0.007655
0.007844
0.007589
0.00757575757576
0.00766224242424
0.00833333333333
0.00775366666667
0.007648
0.00757575757576
0.00759524242424
0.007866
0.007848
0.007745
0.007737
0.00765
0.007637
0.00765
0.007788
0.00833333333333
0.00776066666667
0.00757575757576
0.00765524242424
0.00757575757576
0.00767424242424
0.007637
0.00757575757576
0.00775224242424
0.007746
0.007764
0.00757575757576
0.00757575757576
0.00795948484848
0.008318
0.007668
0.00757575757576
0.00757575757576
0.00767448484848
0.007676
0.00757575757576
0.00757575757576
0.00757575757576
0.00757575757576
0.00757575757576
0.00757575757576
0.00833333333333
0.00774612121212
0.00757575757576
0.00757575757576
0.00757575757576
0.00757575757576
0.00757575757576
0.00757575757576
0.00757575757576
0.00757575757576
0.00757575757576
0.00757575757576
0.00757575757576
0.00833333333333
0.00800633333333
0.007904
0.007713
0.00757575757576
0.00757575757576
0.00757575757576
0.00763772727273
0.007711
0.007687
0.00757575757576
0.00757575757576
0.00772348484848
0.007987
0.007825
0.007619
0.007766
0.007647
0.00757575757576
0.00757575757576
0.00757575757576
0.00757575757576
0.00757575757576
0.00757575757576
0.00757575757576
0.00757575757576
0.00833333333333
0.00788960606061
0.007577
0.007634
0.00757575757576
0.00757824242424
0.007839
0.00757575757576
0.00776424242424
0.007737
0.007595
0.007588
0.007885
0.00833333333333
0.00783566666667
0.007711
0.007856
0.007751
0.007717
0.007777
0.00757575757576
0.00757575757576
0.00757575757576
0.00757575757576
0.00760296969697
0.007808
0.008123
0.007924
0.007581
0.00757575757576
0.00757575757576
0.00757575757576
0.00757575757576
0.00757575757576
0.00757575757576
0.00757575757576
0.00757575757576
0.00757575757576
0.00768518181818
0.00833333333333
0.00829966666667
0.007898
0.00757575757576
0.00757575757576
0.00757575757576
0.00757575757576
0.00757596969697
0.00757575757576
0.00764224242424
0.00757575757576
0.00776224242424
0.007831
0.00833333333333
0.00830066666667
0.00761
0.007753
0.007638
0.00757575757576
0.00776624242424
0.00764
0.00757575757576
0.00757575757576
0.00761048484848
0.00757575757576
0.00757575757576
0.00797848484848
0.007927
0.007576
0.00757575757576
0.00767424242424
0.00778
0.007575
0.00757575757576
0.00765624242424
0.00757575757576
0.00765924242424
0.00757575757576
0.00762024242424
0.00833333333333
0.00804766666667
0.00762
0.007852
0.007604
0.007609
0.00757575757576
0.00757575757576
0.00757575757576
0.00789872727273
0.00757575757576
0.00757575757576
0.00766948484848
0.00833333333333
0.00814366666667
0.00757575757576
0.00757575757576
0.00757575757576
0.00757575757576
0.00757575757576
0.00757575757576
0.00772145454545
0.007776
0.007642
0.00757575757576
0.00762524242424
0.007784
0.00833333333333
0.00780566666667
0.007712
0.007729
0.007732
0.00757575757576
0.00757575757576
0.00757575757576
0.00757575757576
0.00763696969697
0.00781
0.007925
0.00833333333333
0.00783066666667
0.007664
0.007698
0.007659
0.007717
0.007707
0.007742
0.007623
0.007719
0.007578
0.00757575757576
0.00757575757576
0.00833333333333
0.00771515151515
0.007599
0.007641
0.007665
0.007701
0.00757575757576
0.00761024242424
0.007643
0.007758
0.007658
0.007728
0.008075
0.008124
0.007592
0.00757575757576
0.00769624242424
0.007607
0.00757575757576
0.00773324242424
0.00761
0.007771
0.00757575757576
0.00767524242424
0.007708
0.00833333333333
0.00780466666667
0.00777
0.007636
0.007627
0.007714
0.007716
0.007651
0.00757575757576
0.00763324242424
0.007806
0.007778
0.007651
0.00833333333333
0.00803866666667
0.007635
0.007756
0.007733
0.00766
0.007747
0.007702
0.007747
0.007731
0.007762
0.007633
0.00757575757576
0.00833333333333
0.00767390909091
0.007721
0.00757575757576
0.00757575757576
0.00757575757576
0.00757575757576
0.00759296969697
0.007953
0.007803
0.007668
0.00757575757576
0.00757575757576
0.00833333333333
0.00772015151515
0.007728
0.007652
0.00757575757576
0.00757575757576
0.00757648484848
0.007708
0.007804
0.00761
0.00757575757576
0.00757575757576
0.00770348484848
0.00833333333333
0.00775766666667
0.007606
0.00757575757576
0.00765824242424
0.00757575757576
0.00770824242424
0.007812
0.007832
0.00757575757576
0.00772424242424
0.00777
0.007579
0.007904
0.007986
0.007593
0.007781
0.007638
0.00757575757576
0.00757575757576
0.00757575757576
0.00757575757576
0.00757575757576
0.00759321212121
0.007595
0.00757575757576
0.00833333333333
0.00801590909091
0.007583
0.007808
0.00757575757576
0.00760624242424
0.007716
0.00775
0.007807
0.00788
0.00757575757576
0.00757575757576
0.00757575757576
0.00833333333333
0.00792039393939
0.00757575757576
0.00757575757576
0.00757575757576
0.00765372727273
0.007641
0.007739
0.007702
0.00757575757576
0.00772924242424
0.00759
0.00768
0.00833333333333
0.00794166666667
0.007735
0.00757575757576
0.00757575757576
0.00764048484848
0.00757575757576
0.00765324242424
0.007896
0.00757575757576
0.00758424242424
0.00757575757576
0.00773824242424
0.00833333333333
0.00776366666667
0.007753
0.007672
0.007699
0.007865
0.007964
0.0077
0.00757575757576
0.00763724242424
0.00771
0.00759
0.00757575757576
0.00833333333333
0.00799090909091
0.007608
0.00757575757576
0.00769424242424
0.007761
0.00757575757576
0.00766824242424
0.007703
0.007708
0.007665
0.007798
0.007986
0.008167
0.00833333333333
0.00757575757576
0.00757575757576
0.00757575757576
0.00780739393939
0.00757575757576
0.00764324242424
0.007586
0.007749
0.007632
0.00757575757576
0.00768024242424
0.00833333333333
0.00804766666667
0.00757575757576
0.00772624242424
0.00757575757576
0.00772724242424
0.00757575757576
0.00764524242424
0.007655
0.008015
0.007701
0.007686
0.007741
0.00833333333333
0.00793366666667
0.00757575757576
0.00762424242424
0.00757575757576
0.00764424242424
0.007696
0.007797
0.007757
0.007855
0.007635
0.00762
0.00833333333333
0.00808066666667
0.007643
0.00765
0.007638
0.007595
0.007719
0.007654
0.007907
0.00757575757576
0.00757575757576
0.00757575757576
0.00757575757576
0.00833333333333
0.00787063636364
0.007734
0.00757575757576
0.00757575757576
0.00757575757576
0.00757575757576
0.00757575757576
0.00757575757576
0.00757575757576
0.00757575757576
0.00757575757576
0.00757575757576
0.00833333333333
0.00764909090909
0.00757575757576
0.00757575757576
0.00761348484848
0.007801
0.00757575757576
0.00757575757576
0.00759348484848
0.007677
0.007604
0.00757575757576
0.00761324242424
0.00833333333333
0.00791566666667
0.007673
0.007828
0.007659
0.007787
0.007611
0.007729
0.007781
0.007696
0.00757575757576
0.00774724242424
0.007639
0.007969
0.008078
0.00757575757576
0.00772124242424
0.00757575757576
0.00757575757576
0.00757575757576
0.00781072727273
0.00757575757576
0.00757575757576
0.00757575757576
0.00774372727273
0.00757575757576
0.00845524242424
0.007598
0.00757575757576
0.00757575757576
0.00757575757576
0.00757575757576
0.00768196969697
0.007794
0.00757575757576
0.00757575757576
0.00776448484848
0.007756
0.007701
0.00833333333333
0.00757575757576
0.00757575757576
0.00768515151515
0.007634
0.00757575757576
0.00757575757576
0.00757575757576
0.00757575757576
0.00757575757576
0.00757575757576
0.00773845454545
0.00757575757576
0.00833333333333
0.00760690909091
0.008193
0.00757575757576
0.00757575757576
0.00757575757576
0.00804972727273
0.00757575757576
0.00757575757576
0.00757575757576
0.00775472727273
0.00757575757576
0.00757575757576
0.00791348484848
0.008025
0.00757575757576
0.00757575757576
0.00757575757576
0.00757575757576
0.00757575757576
0.00757575757576
0.00757575757576
0.00757575757576
0.00757575757576
0.00757575757576
0.00786742424242
0.00757575757576
0.00815424242424
0.007755
0.008029
0.00757575757576
0.00762024242424
0.007715
0.007684
0.007811
0.007728
0.007758
0.007718
0.0076
0.00833333333333
0.00757575757576
0.00770890909091
0.00757575757576
0.00757575757576
0.00757575757576
0.00757575757576
0.00757575757576
0.00757575757576
0.00757575757576
0.00757575757576
0.00803793939394
0.00757575757576
0.00833333333333
0.00757575757576
0.00784615151515
0.00757575757576
0.00780124242424
0.00757575757576
0.00787324242424
0.00757575757576
0.00769424242424
0.007597
0.007693
0.00757575757576
0.00757575757576
0.00804348484848
0.007744
0.007577
0.007623
0.00757575757576
0.00757575757576
0.00757575757576
0.00757575757576
0.00773796969697
0.007664
0.00757575757576
0.00757575757576
0.00769348484848
0.00833333333333
0.00787266666667
0.00767
0.00757575757576
0.00757575757576
0.00757575757576
0.00757575757576
0.00765096969697
0.007762
0.007897
0.007757
0.007903
0.007693
0.00833333333333
0.00774966666667
0.007629
0.00757575757576
0.00760124242424
0.00757575757576
0.00765424242424
0.007792
0.007815
0.007678
0.00775
0.00757575757576
0.00757575757576
0.00833333333333
0.00829415151515
0.007783
0.007615
0.007718
0.007622
0.007622
0.007796
0.007652
0.00757575757576
0.00757575757576
0.00757575757576
0.00758572727273
0.008164
0.0082
0.00783
0.00757575757576
0.00772524242424
0.007681
0.00757575757576
0.00757575757576
0.00757575757576
0.00757575757576
0.00758496969697
0.007719
0.00778
0.00833333333333
0.00793466666667
0.007753
0.00757575757576
0.00757575757576
0.00757575757576
0.00765772727273
0.007743
0.007621
0.007747
0.007718
0.007768
0.00757575757576
0.00833333333333
0.00760890909091
0.00757575757576
0.00775524242424
0.007857
0.00776
0.007724
0.00761
0.007831
0.00757575757576
0.00775124242424
0.007668
0.007705
0.00801
0.00803
0.007642
0.00757575757576
0.00757575757576
0.00757575757576
0.00757575757576
0.00757575757576
0.00757575757576
0.00757575757576
0.00757575757576
0.00761593939394
0.007844
0.00833333333333
0.00795766666667
0.007647
0.00793
0.007639
0.00757575757576
0.00755424242424
0.00757575757576
0.00757575757576
0.00757575757576
0.00772872727273
0.007615
0.007623
0.00833333333333
0.00785466666667
0.007609
0.007608
0.00757575757576
0.00757575757576
0.00757575757576
0.00757575757576
0.00757575757576
0.00757575757576
0.00757945454545
0.00789
0.007702
0.008117
0.008153
0.007691
0.00757575757576
0.00758824242424
0.00757575757576
0.00757424242424
0.007745
0.007741
0.007969
0.00786
0.007621
0.007692
0.00833333333333
0.00816966666667
0.00766
0.007612
0.00757575757576
0.00757575757576
0.00757575757576
0.00757575757576
0.00757575757576
0.00757575757576
0.00759545454545
0.007639
0.007728
0.00833333333333
0.00798866666667
0.007719
0.007618
0.007713
0.007631
0.007813
0.00794
0.007618
0.007587
0.007603
0.007709
0.007639
0.008208
0.008237
0.00757575757576
0.00783224242424
0.007681
0.007933
0.007793
0.007829
0.007796
0.007662
0.007774
0.00757575757576
0.00805424242424
0.008171
0.00759
0.007662
0.00757575757576
0.00757575757576
0.00784648484848
0.007922
0.007796
0.00774
0.007815
0.007583
0.00766
0.00833333333333
0.00803866666667
0.00757575757576
0.00757575757576
0.00757575757576
0.00757575757576
0.00833333333333
0.00833333333333
0.00833333333333
0.00833333333333
0.0102033030303
0.01187
0.010718
0.010924
0.010214
0.010306
0.010096
0.010139
0.01060606060606
0.01060606060606
0.01060606060606
0.01095181818182
0.010844
0.01060606060606
0.01060606060606
0.01060606060606
0.01060606060606
0.01060606060606
0.01060606060606
0.01060606060606
0.01060606060606
0.01060606060606
0.01049945454545
0.01060606060606
0.01060606060606
0.01060606060606
0.01060606060606
0.01060606060606
0.01060606060606
0.01060606060606
0.01060606060606
0.01060606060606
0.01060606060606
0.01060606060606
0.01060606060606
0.01060606060606
0.01060606060606
0.01060606060606
0.01060606060606
0.01060606060606
0.01060606060606
0.01060606060606
0.01060606060606
0.01060606060606
0.01060606060606
0.01060606060606
0.01060606060606
0.01041666666667
0.01041666666667
0.01041666666667
0.01041666666667
0.00759254545455
0.007455
0.00744
0.007293
0.007458
0.007581
0.007372
0.007257
0.007233
0.007328
0.007388
0.007291
0.00757575757576
0.00757575757576
0.00757575757576
0.00740740740741
0.00740740740741
0.00731291245791
0.00740740740741
0.00740740740741
0.00738618518519
0.007183
0.00714285714286
0.00714285714286
0.00714285714286
0.00714285714286
0.00714285714286
0.00714285714286
0.00714285714286
0.00714285714286
0.00714285714286
0.00714285714286
0.00714285714286
0.00714285714286
0.00714285714286
0.00714285714286
0.00714285714286
0.00714285714286
0.00714285714286
0.00714285714286
0.00714285714286
0.00714285714286
0.00714285714286
0.00714285714286
0.00714285714286
0.00714285714286
0.00714285714286
0.00714285714286
0.00714285714286
0.00714285714286
0.00714285714286
0.00714285714286
0.00714285714286
0.00714285714286
0.00740740740741
0.00740740740741
0.00740740740741
0.00740740740741
0.00740740740741
0.0072082010582
0.007333
0.00714285714286
0.00740740740741
0.00740740740741
0.00740740740741
0.00740740740741
0.00740740740741
0.00740740740741
0.00740740740741
0.00740740740741
0.00740740740741
0.00832914285714
0.00825
0.008457
0.008245
0.008151
0.008454
0.00838
0.00908
0.00833333333333
0.00833333333333
0.00833333333333
0.00833333333333
0.00833333333333
0.00833333333333
0.00833333333333
0.00833333333333
0.00833333333333
0.00833333333333
0.00833333333333
0.00833333333333
0.008406
0.008603
0.00833333333333
0.00833333333333
0.00833333333333
0.00833333333333
0.00833333333333
0.00833333333333
0.00833333333333
0.00833333333333
0.00833333333333
0.008819
0.00833333333333
0.00844366666667
0.00833333333333
0.00833333333333
0.00833333333333
0.00833333333333
0.00833333333333
0.00833333333333
0.00833333333333
0.00833333333333
0.00833333333333
0.008616
0.00833333333333
0.00833333333333
0.00833333333333
0.00833333333333
0.00833333333333
0.00833333333333
0.00833333333333
0.00833333333333
0.00833333333333
0.00833333333333
0.00833333333333
0.00833333333333
0.00833333333333
0.00833333333333
0.00833333333333
0.00833333333333
0.00833333333333
0.00833333333333
0.00833333333333
0.007826
0.007644
0.00822
0.00757575757576
0.00757575757576
0.00833333333333
0.00784115151515
0.00757575757576
0.00757575757576
0.00758848484848
0.007654
0.007723
0.00757575757576
0.00767924242424
0.007887
0.007708
0.00757575757576
0.00770124242424
0.00833333333333
0.00801366666667
0.007862
0.007755
0.007813
0.007789
0.007603
0.007842
0.007626
0.0077
0.007713
0.007705
0.007652
0.008103
0.008098
0.007687
0.007662
0.007722
0.00757575757576
0.00769424242424
0.00766
0.007823
0.00757575757576
0.00757575757576
0.00758648484848
0.00833333333333
0.00795966666667
0.00757575757576
0.00757575757576
0.00764448484848
0.007752
0.007658
0.00757575757576
0.00757575757576
0.00757575757576
0.00757575757576
0.00757575757576
0.00757575757576
0.00815145454545
0.007711
0.00757575757576
0.00759524242424
0.007698
0.007868
0.007612
0.007663
0.007658
0.007818
0.007592
0.007685
0.007598
0.007776
0.007969
0.00787
0.00757575757576
0.00764824242424
0.00757575757576
0.00757575757576
0.00757575757576
0.00768872727273
0.00757575757576
0.00757575757576
0.00757575757576
0.00767472727273
0.007594
0.00833333333333
0.00776066666667
0.00757575757576
0.00769024242424
0.007669
0.007725
0.007865
0.00757575757576
0.00767924242424
0.007664
0.00757575757576
0.00757575757576
0.00833333333333
0.00781615151515
0.00757575757576
0.00757575757576
0.00760948484848
0.007715
0.00757575757576
0.00757575757576
0.00764848484848
0.007915
0.007893
0.00757575757576
0.00757575757576
0.00826248484848
0.00757575757576
0.00757575757576
0.00766548484848
0.007751
0.007655
0.007739
0.007804
0.007762
0.00757575757576
0.00757575757576
0.00757575757576
0.00757575757576
0.00833333333333
0.00774663636364
0.00757575757576
0.00757575757576
0.00764748484848
0.007777
0.00757575757576
0.00757575757576
0.00761248484848
0.007595
0.00767
0.007706
0.007749
0.00833333333333
0.00793966666667
0.00757575757576
0.00764524242424
0.0076
0.00757575757576
0.00757575757576
0.00764648484848
0.007744
0.007879
0.007601
0.007691
0.007731
0.008628
0.00757575757576
0.00772124242424
0.007797
0.007774
0.00757575757576
0.00786124242424
0.007752
0.00764
0.007863
0.007665
0.007789
0.007758
0.008173
0.008114
0.007622
0.00757575757576
0.00766524242424
0.007863
0.007805
0.00757575757576
0.00757575757576
0.00793448484848
0.007582
0.007787
0.007813
0.00833333333333
0.00833333333333
0.00757575757576
0.00757575757576
0.00757575757576
0.00757575757576
0.00757575757576
0.00757575757576
0.00757575757576
0.00757575757576
0.00757575757576
0.00757575757576
0.00757575757576
0.008191
0.00757575757576
0.00764824242424
0.00757575757576
0.00757575757576
0.00761748484848
0.007592
0.00757575757576
0.00771924242424
0.00765
0.007626
0.007599
0.007733
0.00833333333333
0.00757575757576
0.00757575757576
0.00757575757576
0.00757575757576
0.00757575757576
0.00773387878788
0.007642
0.007682
0.00757575757576
0.00778724242424
0.007877
0.007754
